-0.6697043488751182
-0.6550286208904511
-0.6095175272997058
-0.5363049274314412
-0.4394586231359302
-0.32373441433914485
-0.1943132412257804
-0.056536331315300975
0.0843474195126053
0.22340908927130723
0.3562318192630742
0.47905946683439715
0.5888969734826964
0.6835607813128387
0.761680755541127
0.8226579467935069
0.8665849829649805
0.8941377762585941
0.9064484659644537
0.9049700357971476
0.8913428380276884
0.8672723642948063
0.8344261077793617
0.7943553840197959
0.7484456679546624
0.6978965317679993
0.6437298084672797
0.586822332526528
0.527957678721882
0.4678898652225365
0.4074111047195347
0.3474154351790054
0.2889504530830961
0.23325037556072634
0.18174520003769182
0.1360427000195529
0.09788225252003327
0.06906187512383613
0.05134218765860063
0.04633313558196231
0.0553710631655743
0.07939497169643693
0.11883144122221515
0.17349767352462986
0.24253141282813917
0.3243551488012163
0.41668007764763326
0.5165529056408527
0.6204458727292818
0.724387523402996
0.8241289428211378
0.9153375948267609
0.9938087210820566
1.0556826413614686
1.097655356034515
1.1171696743288044
1.1125747109056574
1.0832429937810721
1.0296365442033888
0.9533160127234077
0.8568901338380278
0.7439062109135713
0.6186858592274521
0.4861136047549123
0.3513889508193416
0.21975499208446042
0.09621841293238667
-0.014723367995426534
-0.10933212865051453
-0.18484098481756236
-0.23961568689198573
-0.2732546364927635
-0.28662047768383425
-0.2817998992336125
-0.26199234466717825
-0.23133243316906685
-0.19465480735498727
-0.15721361170473888
-0.12437165750015558
-0.10127636993368425
-0.09254070900825745
-0.10194732947046489
-0.1321932762503952
-0.1846905409222783
-0.2594349303170722
-0.3549520727973787
-0.4683252081217565
-0.5953049046026349
-0.730496274650245
-0.8676148755341394
-0.9997985365975314
-1.119959074597019
-1.221155436468903
-1.2969683873575484
-1.3418565289212023
-1.3514742152024113
-1.3229337940777923
-1.2549974436265356
-1.1481875410022886
-1.0048087957091103
-0.8288800629280908
-0.625978566746125
-0.403003941257161
-0.1678737806121597
0.07083395937837714
0.30427354630211023
0.523739047851704
0.7210661557602086
0.889007883671478
1.021565231072403
1.11425637772002
1.1643113089349295
1.1707827811101448
1.134568992056713
1.0583479726776979
0.9464283067133773
0.804525062008281
0.6394735486091172
0.45889650833039475
0.2708424340988333
0.08341381508310156
-0.09559583711289832
-0.2590382879740254
-0.4007042206883896
-0.515560961031876
-0.5999244050719524
-0.6515590858752326
-0.6697043488751182